2561
4937
1282
8907
470
8872
1976
3139
545
7637
1896
7980
6706
4991
6035
398
7897
145
8005
2006
7332
6573
1055
807
3463
8499
1176
7460
1592
7685
8260
3005
2411
5672
9427
3069
1115
8802
16
4565
7760
7925
1059
8035
5726
4679
2892
505
787
6070
9655
9899
3474
7321
9718
9725
739
8990
4758
1868
3252
3642
5105
6258
5658
8768
9244
685
6540
1623
50
2535
8792
7479
3243
5861
8910
3557
4407
6344
6434
9322
927
1387
7829
5153
8072
9462
9906
9855
2544
5458
9090
1002
9876
8980
1334
7985
1782
5797
1908
5383
6881
6642
5225
3997
5830
689
7273
4753
5198
8887
8264
2602
6311
6341
8838
1226
3161
8910
7446
2474
9816
4865
2475
7355
1153
5459
6485
2345
7024
2068
3854
2913
384
1572
6609
6480
3337
8366
1676
6504
2353
8625
693
308
1727
1824
5881
188
8840
5494
9515
2289
10
5874
9644
6133
2547
1526
8522
5624
8719
9732
2784
1762
7049
6080
9614
643
4529
2979
3215
2891
9590
1900
2561
8414
7589
7977
9535
1931
6066
5000
9255
2550
3292
5860
597
6460
7567
4807
6701
9371
1943
5373
1416
3108
7634
3415
5900
8033
1057
1207
6918
3510
8560
7592
7090
6212
7629
4755
9999
2872
7291
6703
9099
9645
5884
8295
7755
314
5348
7574
6652
2709
2262
3788
3202
7511
7062
7358
4541
4382
8934
3418
3856
9475
1181
9889
3662
2984
7171
6350
75
1612
2407
3254
4874
7038
1196
2491
3885
4752
1167
9413
5952
1333
3235
5792
7108
7294
2816
7090
8799
1349
7863
2570
5384
2737
1825
8405
4866
5356
4944
4772
6672
54
7367
333
5421
7666
7116
2974
3137
6887
9412
6098
7275
7979
7814
2369
8129
6961
9270
240
7142
7623
5472
7387
4919
5720
9279
5044
814
3639
2073
9433
1199
5222
6820
4221
9686
993
2521
2941
4349
7199
5817
4674
6783
8596
7188
7276
7996
856
1709
8812
5734
3858
5936
5977
1689
4290
7340
9380
3096
9191
898
3117
9617
7342
7212
1861
6146
3835
1136
913
6285
7514
31
6941
331
7152
3462
9179
5045
5384
8765
9704
1387
2662
2355
3945
6767
1023
1178
7812
8035
2613
973
6030
9680
6817
4426
5838
8451
2066
1458
3453
5981
7275
9727
7939
5008
4060
2955
1327
3554
9975
2012
1460
6998
7033
9990
8537
8886
6515
6937
5673
2902
771
150
8455
7440
7625
9830
6995
8914
6126
4278
5974
3821
8446
3762
2872
1284
7731
5113
2053
2982
2813
3569
336
8034
5150
3949
7553
9964
5727
6855
9251
2158
7430
9200
6708
650
6050
9659
3458
3518
2559
5011
900
1682
7221
338
6014
1419
7580
4435
8882
5007
7123
2806
3362
5531
8130
9724
6965
635
1333
7294
5767
7395
5984
2681
1688
4487
6908
2794
7924
9633
5034
4237
311
7741
2692
2875
351
6323
4842
4588
471
5350
7586
5571
2956
5105
541
761
9352
8048
2853
5133
2666
8535
2316
9188
8346
3794
8741
5959
919
3276
444
5622
4394
2136
1711
7643
1210
8039
1974
4301
6502
7628
5261
7575
1695
9852
5130
4996
5002
409
3663
504
2320
7735
1716
3931
1836
3731
9118
6999
5411
5076
7959
9037
8249
7861
9098
8885
8807
988
3030
7548
1453
8590
7862
9058
5029
5995
3932
6800
2463
1048
7645
3850
7915
7329
4494
1648
8042
8718
6299
9722
5048
6914
4286
326
9069
8437
9931
5651
8470
2049
6779
2374
306
7188
9796
2705
8027
2906
5293
3406
4586
695
4546
4263
985
3235
1263
829
3337
2074
9949
2557
6111
8069
7602
8849
127
2649
2396
1278
543
2068
6679
1977
4477
5809
5802
5004
8575
6220
1462
3137
9485
7104
7727
5498
2921
9998
4119
482
7876
3690
862
3312
189
2136
3468
4534
2051
8256
2234
8393
2354
5718
4009
2518
6122
3112
1523
4375
8029
2371
1345
60
2700
5967
8518
870
5055
5050
2344
6471
3128
9364
5146
8787
9363
7988
9785
8255
2203
7279
669
4957
332
5632
3279
2479
6261
4222
6546
2426
6110
3961
8947
5794
5175
8127
3454
3783
3830
1500
536
272
7636
3157
3361
2239
4378
2231
5258
4334
7073
3343
5136
7910
3464
6273
7491
9046
1995
9450
7512
6895
7963
2631
522
5563
4336
4493
2376
8967
6087
9280
4295
1763
5245
669
3324
2983
8352
4526
7369
5536
2238
457
3046
7341
9058
6806
6455
5147
1019
9419
7073
3757
5046
7610
8163
5358
8817
3490
1096
9602
6022
2032
5891
6581
3890
331
6525
1323
5763
2065
111
6343
3525
2205
5259
6351
1116
4707
6586
419
2867
7682
7315
3069
8057
3158
8340
7814
6247
5343
8889
9209
9381
1620
6959
9256
6856
6966
6534
5172
4883
1712
9400
8942
7887
862
712
1246
8223
2048
9008
6532
97
1570
9239
1996
3276
710
559
5061
7347
4003
2174
9082
7857
7917
8129
9018
8750
1090
2605
9249
6040
9710
6025
3174
9270
6231
2529
3491
2883
9490
3882
4728
2181
6251
9659
7018
302
5777
1663
8361
7335
4863
3942
3977
8671
6352
8484
7078
6072
1643
7964
3226
9112
368
294
1663
6200
7675
5044
7232
1594
8131
882
6269
3202
2109
2213
1892
4791
541
2298
409
8587
5693
8667
7632
2976
1707
3526
8819
6105
4667
3376
3761
8274
2441
4727
4607
4234
7553
3931
1753
2261
9303
6933
7565
4603
1004
1420
2632
1722
2234
523
4220
4101
6308
2010
7301
95
5052
9298
206
7792
3588
8831
4350
3835
1399
3166
8339
6426
2354
8821
8556
3385
9232
5444
2551
6783
3485
4108
1420
9286
3603
1303
3212
8259
2340
839
723
5968
2522
9946
3305
837
8656
9427
5327
4573
9074
3917
8845
724
5295
4283
7107
3477
9197
3084
4460
8792
6051
7453
2862
5301
5193
699
6809
2531
7845
970
3123
8003
9877
1224
4185
8129
6528
4935
7660
6866
4900
9615
5
6170
9611
777
6905
9198
4149
8124
7352
7465
3613
8015
6248
2479
